./test_glass5/standlization_data/glass5_std_train_2.csv
./test_glass5/model_MLP_bm_8000/record_1/MLP_bm_8000_2
----------------------



('hidden_1.weight', Parameter containing:
tensor([[-9.1325e-03,  2.0059e-01, -8.2519e-01,  3.4765e-01,  3.0967e-01,
          1.0007e-01,  2.7580e-01,  4.0334e-01,  2.1569e-01, -5.4103e-01,
          3.3690e-01, -9.7312e-02, -9.5014e-02,  5.8812e-02, -3.9556e-01,
          3.1208e-02, -5.5398e-01, -3.5559e-01],
        [ 5.4392e-01, -4.0467e-01, -1.0611e+00,  2.4837e-01,  4.7640e-01,
          1.0750e+00, -1.3744e-01,  1.0466e+00,  8.5374e-01,  2.5744e-01,
          2.2028e-01, -5.9723e-03,  1.0058e-02,  3.9729e-02, -4.7894e-01,
          1.0173e-01, -4.4335e-01, -4.8955e-01],
        [-3.6215e-02,  1.0423e-01,  1.1742e-02,  1.3738e-01,  4.1877e-02,
         -2.8405e-01,  1.0700e-01, -2.9511e-01, -3.5221e-01,  7.8002e-01,
         -3.9065e-01,  2.0008e-01, -7.6012e-01, -1.0156e+00,  9.0576e-01,
          1.8584e-01, -7.7263e-02,  8.2764e-01],
        [ 4.5114e-01, -5.1947e-01, -1.2113e+00,  4.5349e-01,  6.9159e-01,
          1.1132e+00,  3.3627e-02,  9.1396e-01,  9.6525e-01,  2.3134e-01,
          2.2006e-01,  2.7621e-03,  7.2178e-03,  4.3025e-02, -4.8965e-01,
          9.5970e-02, -4.7041e-01, -4.8689e-01],
        [-3.8340e-01, -1.1753e+00, -4.5381e-01, -4.0577e-02,  1.1012e+00,
          7.1383e-01, -6.9066e-02,  7.5826e-01, -2.8183e-02, -1.6708e-01,
          1.3243e-01, -4.6889e-02, -3.7657e-02, -7.5124e-02, -2.7513e-01,
          1.4416e-01, -3.7555e-01, -2.7771e-01],
        [ 5.5612e-01, -7.1675e-01, -2.7462e-01, -1.0454e-01,  2.6306e-01,
          1.1581e+00, -1.4207e-01,  8.8393e-01,  6.2761e-01, -4.0797e-01,
          1.9488e-01, -5.1544e-02, -8.5473e-02,  5.0625e-02, -2.4219e-01,
          6.6088e-02, -2.8950e-01, -2.2338e-01],
        [-8.7206e-02,  8.5190e-02,  1.0543e-01,  5.5862e-02,  1.2911e-02,
         -3.4352e-01,  1.0597e-01, -3.7841e-01, -3.4072e-01,  7.6849e-01,
         -2.4798e-01,  1.8273e-01, -8.8923e-01, -1.1600e+00,  9.7178e-01,
          8.5273e-02,  5.5564e-02,  1.0950e+00],
        [ 9.1824e-01, -8.3403e-01,  1.0936e-01, -7.0657e-01,  1.4745e-01,
          1.0332e+00,  4.3325e-01, -5.7114e-01,  1.0009e+00, -9.2190e-02,
          1.5861e-01, -8.9041e-02, -2.6435e-03,  8.7920e-02, -3.3061e-01,
          2.3736e-01, -3.3721e-01, -3.0161e-01],
        [-1.8272e-02,  8.4601e-02,  1.5507e-01,  1.6884e-02,  2.0643e-02,
         -3.3723e-01,  5.3130e-02, -4.0366e-01, -3.3305e-01,  8.3117e-01,
         -5.5728e-01,  3.4067e-02, -5.0371e-01, -8.4267e-01,  9.6135e-01,
          3.9119e-01,  2.7947e-02,  8.2846e-01],
        [ 7.0029e-01, -4.8898e-01,  3.2263e-01, -8.2882e-01, -7.1936e-01,
          1.0360e+00, -1.1914e-02,  2.8056e-02,  7.8859e-01, -1.9715e-01,
          1.4512e-01, -5.9647e-02, -5.4097e-02, -2.3580e-02, -2.6012e-01,
          9.2689e-02, -2.9392e-01, -2.0853e-01],
        [ 9.4865e-01, -3.1317e-01,  2.4867e-01, -7.9276e-01, -1.1313e+00,
          1.0187e+00,  1.5265e-01,  1.1012e-01,  8.7852e-01, -2.0269e-01,
          1.0553e-01, -3.9699e-02, -2.2853e-02, -3.2819e-02, -2.1506e-01,
          1.0129e-01, -2.7454e-01, -1.6119e-01],
        [-2.4833e-02,  1.2226e-01,  7.8674e-02,  3.0110e-02,  9.1102e-04,
         -4.3888e-01,  1.3856e-01, -4.5707e-01, -4.6068e-01, -1.1043e-01,
         -3.0530e-01,  1.2053e+00, -1.0278e+00, -1.0561e+00,  6.7091e-01,
         -1.3580e+00, -4.1218e-01,  2.3031e-01],
        [-4.9880e-02,  1.7690e-01,  7.9045e-02,  4.2260e-02, -5.0913e-04,
         -5.0068e-01,  2.1273e-01, -4.7139e-01, -5.1881e-01, -6.0541e-01,
         -1.1767e+00, -1.2356e-01,  2.5225e-01,  8.6809e-01,  5.6008e-01,
         -2.1799e-01,  7.5157e-01, -3.4301e-02],
        [ 8.1838e-01, -9.5736e-01, -1.4207e-03, -8.5008e-01,  4.5317e-01,
          9.7987e-01,  5.2282e-01, -2.6375e-02,  4.8246e-01,  3.1861e-01,
          1.6309e-01, -2.5047e-03,  3.7795e-02,  1.6173e-02, -5.2315e-01,
          1.5338e-01, -5.0122e-01, -5.3575e-01],
        [ 1.2439e+00, -2.7204e-01,  3.3438e-01, -1.0876e+00, -1.3294e+00,
          1.0527e+00,  1.6741e-02, -3.0234e-01,  9.9038e-01,  2.0070e-01,
          9.9168e-02,  7.7698e-02,  4.8940e-02,  1.2751e-01, -3.7775e-01,
          4.0126e-02, -3.4507e-01, -3.8268e-01],
        [-3.0022e-01,  6.2097e-01, -2.0018e-01, -6.1628e-02,  3.5403e-02,
         -8.5958e-01,  4.9752e-01, -8.3004e-01, -6.7235e-01,  7.9114e-01,
          2.8490e-02, -2.0386e-01, -4.9428e-01, -2.6855e-01,  4.1279e-01,
          4.3669e-01, -1.9241e-01,  2.2274e-01],
        [-7.9457e-03,  9.5834e-02,  8.9291e-02,  4.9621e-02,  1.6996e-02,
         -3.1209e-01,  7.9868e-02, -2.8987e-01, -3.4841e-01,  8.2663e-01,
         -2.6381e-01,  2.9881e-01, -1.0091e+00, -1.0271e+00,  9.1328e-01,
          1.8563e-02, -5.7359e-02,  8.2561e-01],
        [-8.9310e-01, -4.6686e-01,  2.9310e-01,  8.6010e-01, -3.2382e-02,
          5.4423e-01, -6.8789e-01,  9.1806e-01,  7.3974e-02,  2.7017e-01,
          3.0601e-01, -3.0235e-02, -2.2628e-02,  8.5602e-02, -5.1588e-01,
          1.2887e-01, -4.9447e-01, -5.1503e-01],
        [ 1.5341e+00,  8.6578e-03,  2.6893e-01, -1.3498e+00, -1.6822e+00,
          1.0862e+00, -1.3623e-01, -1.5256e-01,  1.1358e+00,  5.0596e-02,
          5.5739e-02,  4.4743e-02,  5.5911e-02,  8.1117e-02, -2.6886e-01,
          6.8720e-02, -2.8834e-01, -2.7892e-01],
        [-4.5554e-02,  1.7194e-01,  1.0092e-01,  4.9957e-02,  2.2219e-02,
         -5.4266e-01,  2.2084e-01, -5.1570e-01, -5.6552e-01, -6.6996e-01,
         -1.3223e+00, -1.4315e-01,  2.6818e-01,  9.6744e-01,  5.9467e-01,
         -2.1974e-01,  8.4563e-01, -1.0334e-01],
        [-2.6312e-01,  8.4688e-01, -2.0531e-01, -7.5824e-02, -1.0865e-01,
         -1.1292e+00,  6.0764e-01, -1.2641e+00, -8.5187e-01, -6.1620e-01,
          3.7377e-01, -5.4294e-01,  2.2908e-01,  4.0359e-01,  2.8431e-01,
         -1.3720e-01,  3.3004e-01, -1.5583e-01],
        [ 6.2017e-01, -2.6078e-01,  4.3265e-01, -1.0224e+00, -8.3687e-01,
          9.3629e-01, -4.5574e-01, -4.3943e-01,  6.1575e-01,  3.3354e-01,
          1.7436e-01,  3.0757e-02,  3.5671e-02,  5.5349e-02, -4.7778e-01,
          1.1717e-01, -4.6613e-01, -4.6791e-01],
        [ 7.9152e-01, -8.1607e-01,  4.0877e-01, -8.7993e-01,  2.2818e-01,
          1.0372e+00,  1.0212e-01, -4.3528e-01,  7.8132e-01, -2.1848e-01,
          1.2650e-01, -5.0725e-02, -6.2503e-02, -1.9170e-02, -2.2395e-01,
          1.0511e-01, -2.4475e-01, -1.8347e-01],
        [-5.8974e-02,  1.7651e-01, -3.4275e-02,  1.2304e-01,  5.8911e-02,
         -3.3371e-01,  1.5051e-01, -4.1405e-01, -3.9080e-01,  5.8045e-01,
         -5.7388e-01,  7.7681e-02, -5.3903e-01, -2.3720e-01,  8.6276e-01,
          2.3186e-01,  2.3626e-02,  7.0873e-01],
        [-1.2510e+00, -1.2699e+00, -1.9617e-01,  3.8205e-01,  1.7845e+00,
          3.5801e-01, -2.6221e-01,  9.3251e-01, -4.2669e-02,  2.4948e-01,
          2.1313e-01, -1.3629e-02,  4.5136e-02,  1.0507e-01, -4.7325e-01,
          9.3671e-02, -4.4998e-01, -4.7648e-01],
        [-4.4026e-02,  1.6235e-01,  5.9490e-02,  5.0714e-02, -4.5111e-02,
         -4.1059e-01,  1.2951e-01, -3.4360e-01, -4.7305e-01, -3.2036e-01,
         -6.3091e-01, -2.8634e-01,  3.9692e-01,  6.0640e-01,  5.9021e-01,
         -3.7156e-02,  6.6942e-01,  2.4972e-01],
        [-1.0380e+00, -3.2167e-01,  1.5335e+00, -1.3619e+00, -1.3895e+00,
          6.4459e-01, -1.6825e+00, -1.8119e-01, -3.6132e-02,  2.5733e-02,
          2.0831e-01, -8.7675e-02, -4.3742e-02, -9.5893e-02, -4.9676e-01,
          1.8643e-01, -4.9393e-01, -5.0207e-01],
        [-5.0986e-02,  1.5520e-01,  1.0585e-01,  4.3213e-02,  1.4764e-02,
         -5.1486e-01,  2.0467e-01, -5.6977e-01, -5.2970e-01, -6.2915e-01,
         -1.3389e+00, -1.7888e-01,  2.0771e-01,  1.0183e+00,  5.7252e-01,
         -1.4696e-01,  8.6228e-01, -1.0072e-01],
        [-5.9578e-02,  1.6677e-01,  7.7479e-02,  5.4249e-02,  5.6860e-03,
         -4.8525e-01,  2.0338e-01, -5.3840e-01, -5.0403e-01, -4.4627e-01,
         -1.0086e+00, -1.3750e-01,  1.7628e-01,  8.1536e-01,  6.3265e-01,
         -1.5499e-01,  7.6826e-01,  1.6914e-01],
        [-1.1348e+00, -3.5514e-01,  6.8034e-01,  9.4810e-01,  1.5266e-01,
          4.1385e-01, -1.0699e+00,  8.2276e-01, -7.0598e-01,  1.0410e-01,
          2.7402e-01, -1.3859e-01,  2.9500e-02,  4.7743e-02, -4.7518e-01,
          2.8383e-01, -4.2190e-01, -4.8211e-01],
        [-1.6651e-01,  6.9788e-02,  9.1459e-02,  3.8194e-02, -2.9142e-02,
         -3.8382e-01,  1.5335e-01, -4.1165e-01, -1.9474e-01,  6.8819e-01,
         -3.9783e-01,  1.1360e-02, -6.4118e-01, -7.6802e-02,  5.7400e-01,
          3.4286e-01, -2.0211e-01,  4.1840e-01],
        [-1.5539e-01,  9.8571e-02,  4.7359e-02,  4.4046e-02, -2.9139e-03,
         -3.4528e-01,  1.4657e-01, -3.3693e-01, -1.6107e-01, -6.5700e-01,
          4.7321e-01,  2.5601e-01,  1.2518e+00, -5.9850e-01,  1.5276e-01,
         -7.7431e-01,  5.0734e-01, -3.0293e-01],
        [-4.7054e-02,  2.0413e-01,  1.1161e-02,  2.0425e-01,  9.3870e-03,
         -4.8683e-01,  1.5615e-01, -3.0129e-01, -5.1328e-01, -1.0519e+00,
         -3.6322e-01,  9.0015e-01,  4.8960e-01, -1.4773e-01,  3.9695e-01,
         -1.0079e+00,  8.4628e-01, -8.5834e-02],
        [-1.6541e-03,  1.9034e-01,  3.3192e-02, -1.8573e-03,  9.5558e-03,
         -4.7861e-01,  2.0029e-01, -4.9612e-01, -4.9051e-01, -9.4455e-01,
         -5.3744e-01,  7.3847e-01,  5.6690e-01,  7.0592e-02,  4.6744e-01,
         -9.0902e-01,  8.4140e-01, -3.1910e-02],
        [-3.8297e-01, -7.3976e-01,  6.5271e-02,  4.6890e-01,  1.2822e-01,
          9.9316e-01, -6.7008e-01,  8.8221e-01,  7.1415e-01, -5.7541e-01,
          2.4264e-01, -9.8603e-02, -7.0163e-02,  7.0722e-02, -2.2813e-01,
          2.7612e-03, -3.2936e-01, -2.2115e-01],
        [-1.0584e+00, -2.4058e-01,  7.3267e-01,  4.0258e-01, -5.6822e-01,
          3.0650e-01, -9.3228e-01,  9.8058e-01,  8.2678e-02,  3.2149e-01,
          3.0305e-01, -3.8329e-02,  3.7919e-02,  3.5866e-02, -5.5404e-01,
          1.3135e-01, -5.4204e-01, -5.6504e-01]], requires_grad=True))
('hidden_1.bias', Parameter containing:
tensor([0.2069, 0.4893, 0.2546, 0.4743, 0.2331, 0.1738, 0.2498, 0.2491, 0.2428,
        0.1665, 0.1293, 0.4145, 0.4363, 0.5368, 0.3611, 0.3998, 0.2933, 0.5137,
        0.2394, 0.4966, 0.4291, 0.4625, 0.1188, 0.2337, 0.4766, 0.3280, 0.4804,
        0.4657, 0.3936, 0.4575, 0.3667, 0.5058, 0.4530, 0.4663, 0.2074, 0.5590],
       requires_grad=True))
('output.weight', Parameter containing:
tensor([[-0.1422, -0.6741,  0.4634, -0.8429, -0.5368, -0.4275,  0.4492, -0.5518,
          0.4352, -0.4911, -0.5235,  0.4509,  0.4387, -0.6827, -0.6762,  0.8076,
          0.4598, -0.6277, -0.6759,  0.4294,  1.0124, -0.5444, -0.4787,  0.4572,
         -0.7460,  0.4856, -1.0594,  0.4439,  0.4741, -0.5547,  0.4960,  0.6431,
          0.4130,  0.3582, -0.2965, -0.6512,  0.1302],
        [ 0.1476,  0.6890, -0.4657,  0.8369,  0.5129,  0.4263, -0.4656,  0.5354,
         -0.4382,  0.4953,  0.5209, -0.4400, -0.4378,  0.6915,  0.6742, -0.8105,
         -0.4627,  0.6179,  0.6985, -0.4120, -1.0190,  0.5569,  0.4688, -0.4623,
          0.7724, -0.4895,  1.0547, -0.4290, -0.4628,  0.5501, -0.5041, -0.6534,
         -0.3945, -0.4009,  0.3032,  0.6542, -0.1151],
        [ 0.5495, -0.3479, -0.5009, -0.3196,  0.3381,  0.2730, -0.6024,  0.0545,
         -0.4800,  0.2437,  0.1965, -0.7694, -0.5352, -0.3668, -0.2324, -0.0439,
         -0.5692, -0.2142, -0.0312, -0.6802,  0.1055, -0.3325,  0.2498, -0.3347,
         -0.2727, -0.3341,  0.0774, -0.7306, -0.4985,  0.0489, -0.3475, -0.5028,
         -0.5607, -0.6246,  0.4994, -0.2621,  3.9470],
        [-0.5521,  0.3379,  0.5067,  0.3312, -0.3346, -0.2781,  0.5967, -0.0636,
          0.4856, -0.2246, -0.2097,  0.7780,  0.5359,  0.3713,  0.2313,  0.0429,
          0.5690,  0.2098,  0.0352,  0.6832, -0.1039,  0.3307, -0.2492,  0.3294,
          0.2698,  0.3266, -0.0817,  0.7322,  0.5059, -0.0488,  0.3480,  0.5000,
          0.5616,  0.6314, -0.4977,  0.2694, -3.9341]], requires_grad=True))
('output.bias', Parameter containing:
tensor([-0.0027, -0.0028, -0.1670,  0.1661], requires_grad=True))
