./test_glass5/standlization_data/glass5_std_train_2.csv
./test_glass5/model_MLP_bm_8000/record_1/MLP_bm_8000_2
----------------------



('hidden_1.weight', Parameter containing:
tensor([[ 4.6021e-02,  1.4180e-01, -8.2501e-01,  3.4362e-01,  4.0850e-01,
          1.5969e-02,  3.9317e-01,  3.4713e-01,  3.5039e-01, -5.9419e-01,
          3.0420e-01, -8.3900e-02, -9.9933e-02,  3.7667e-02, -3.7070e-01,
          2.7753e-02, -5.2988e-01, -3.3068e-01],
        [ 4.3354e-01, -4.1157e-01, -1.2016e+00,  2.8620e-01,  4.8380e-01,
          1.1395e+00, -1.5438e-01,  1.1520e+00,  8.7652e-01,  2.7100e-01,
          2.2960e-01,  1.9713e-02,  3.2890e-02,  5.5535e-02, -5.2514e-01,
          6.9368e-02, -4.8968e-01, -5.3548e-01],
        [ 4.7116e-02,  2.0892e-01,  2.9623e-02,  1.7274e-01, -7.7090e-02,
         -1.8823e-01, -1.0665e-01, -1.4842e-01, -2.8235e-01,  8.0238e-01,
         -4.2575e-01,  7.4284e-02, -7.1783e-01, -1.1676e+00,  1.0005e+00,
          1.7265e-01, -1.2714e-02,  9.2228e-01],
        [ 4.9850e-01, -5.4478e-01, -1.3898e+00,  4.3231e-01,  7.5448e-01,
          1.2013e+00,  1.1162e-01,  9.6610e-01,  9.9554e-01,  2.3864e-01,
          2.3939e-01,  2.5756e-02,  1.7420e-02,  6.5587e-02, -5.2060e-01,
          5.9951e-02, -5.0133e-01, -5.1746e-01],
        [-5.1580e-01, -1.1238e+00, -4.6236e-01, -2.3752e-01,  1.2477e+00,
          7.1942e-01, -1.5538e-01,  7.5154e-01,  2.0844e-02, -1.7716e-01,
          8.1905e-02, -3.4650e-02, -3.9279e-02, -1.2763e-01, -2.3621e-01,
          1.5540e-01, -3.3668e-01, -2.3878e-01],
        [ 5.8200e-01, -7.6024e-01, -4.0201e-01,  2.0115e-01,  2.8119e-01,
          1.1419e+00, -1.8252e-01,  1.0898e+00,  7.5306e-01, -4.6199e-01,
          2.2469e-01, -7.9245e-02, -8.4343e-02,  4.0358e-02, -2.5916e-01,
          8.6991e-02, -3.0646e-01, -2.4034e-01],
        [-2.5186e-01, -1.1357e-01,  7.7652e-02,  1.9802e-02,  1.3315e-01,
         -3.5524e-01,  1.5437e-01, -3.2090e-01, -2.8320e-01,  9.4180e-01,
         -1.2943e-01, -2.1500e-02, -9.0134e-01, -1.4368e+00,  1.1185e+00,
          1.6309e-01,  1.2697e-01,  1.2772e+00],
        [ 1.0312e+00, -9.2603e-01,  3.1553e-01, -1.0011e+00,  1.1282e-01,
          1.1739e+00,  1.9739e-01, -5.3505e-01,  1.1548e+00, -1.7467e-01,
          1.7975e-01, -1.1871e-01, -2.8764e-02,  9.0505e-02, -2.4549e-01,
          2.3934e-01, -2.5212e-01, -2.1624e-01],
        [-2.3306e-01, -4.7226e-02,  1.9793e-01, -7.3884e-03, -7.3769e-04,
         -3.6101e-01,  8.5729e-02, -3.8878e-01, -2.9834e-01,  9.1087e-01,
         -5.2416e-01, -1.4276e-01, -4.2445e-01, -1.0440e+00,  1.0066e+00,
          4.3984e-01,  4.6075e-02,  8.8071e-01],
        [ 5.8309e-01, -5.3232e-01,  2.4190e-01, -8.3710e-01, -7.5065e-01,
          1.2087e+00, -8.3686e-02,  1.6596e-01,  9.5554e-01, -2.6855e-01,
          1.1944e-01, -5.7093e-02, -6.0031e-02, -4.6475e-02, -1.8780e-01,
          8.2216e-02, -2.2161e-01, -1.3622e-01],
        [ 8.5416e-01, -4.1229e-01,  3.1463e-01, -8.3374e-01, -1.1510e+00,
          1.1387e+00,  8.6163e-04,  2.2079e-01,  1.0552e+00, -3.3262e-01,
          8.2137e-02, -3.1122e-02, -2.8172e-02, -3.4820e-02, -1.1847e-01,
          6.4933e-02, -1.7794e-01, -6.4595e-02],
        [-3.8750e-02,  8.3703e-02,  1.2522e-01,  3.4591e-02,  4.4279e-02,
         -5.4792e-01,  1.4594e-01, -5.6567e-01, -5.6928e-01, -3.5639e-01,
         -3.1668e-01,  1.8110e+00, -1.3771e+00, -1.4090e+00,  6.7491e-01,
         -1.6973e+00, -5.1506e-01,  1.4161e-01],
        [-7.6140e-02,  9.8347e-02,  1.8247e-01,  5.2996e-02,  6.6250e-02,
         -7.2804e-01,  2.0966e-01, -6.9768e-01, -7.4510e-01, -7.3125e-01,
         -1.4474e+00, -8.5463e-02,  3.5265e-01,  1.0633e+00,  6.1431e-01,
         -2.2551e-01,  1.1808e+00, -1.4155e-01],
        [ 7.8930e-01, -1.0356e+00, -2.2729e-02, -7.9416e-01,  5.1124e-01,
          1.0480e+00,  5.3837e-01, -5.2088e-02,  4.1841e-01,  3.6406e-01,
          1.5436e-01,  3.4130e-02,  5.5970e-02,  3.8047e-02, -6.1572e-01,
          1.3353e-01, -5.9367e-01, -6.2806e-01],
        [ 1.4153e+00, -3.3233e-01,  3.3874e-01, -1.0531e+00, -1.3090e+00,
          1.1205e+00,  4.5470e-03, -3.1273e-01,  1.0373e+00,  2.3437e-01,
          9.0114e-02,  1.0363e-01,  6.6639e-02,  1.4804e-01, -4.3295e-01,
          2.1562e-02, -4.0017e-01, -4.3791e-01],
        [-7.9412e-01,  1.3465e+00, -1.8803e-01, -3.4382e-01, -1.7233e-01,
         -1.5541e+00,  5.9413e-01, -1.3367e+00, -1.0581e+00,  8.0876e-01,
          1.3132e-02, -1.7868e-01, -4.2624e-01, -2.6948e-01,  2.9391e-01,
          4.2198e-01, -3.1112e-01,  1.0343e-01],
        [-1.4200e-02,  8.0053e-02,  9.9458e-02,  5.5514e-02,  1.7773e-03,
         -1.4146e-01,  3.4295e-02, -2.9751e-01, -3.0081e-01,  9.0897e-01,
         -2.5463e-01,  3.6949e-01, -1.0658e+00, -1.0850e+00,  8.6386e-01,
          5.6068e-02, -1.1629e-01,  7.7667e-01],
        [-8.3027e-01, -4.3443e-01,  3.5941e-01,  8.3406e-01, -9.1690e-02,
          4.7976e-01, -6.1983e-01,  9.6096e-01,  1.8693e-01,  3.0189e-01,
          3.0941e-01,  2.1634e-03,  5.0023e-03,  9.3926e-02, -5.8660e-01,
          1.0041e-01, -5.6525e-01, -5.8562e-01],
        [ 1.7835e+00,  3.3810e-01,  2.3160e-01, -1.4772e+00, -1.9419e+00,
          1.3253e+00, -1.9716e-01, -9.6298e-02,  1.6267e+00,  7.8191e-02,
          2.8284e-02,  6.6393e-02,  6.9078e-02,  1.0275e-01, -2.8527e-01,
          5.2142e-02, -3.0422e-01, -2.9502e-01],
        [-6.0719e-02,  1.0996e-01,  1.9047e-01,  5.7063e-02,  7.7466e-02,
         -7.5375e-01,  2.1569e-01, -7.2662e-01, -7.7644e-01, -8.0508e-01,
         -1.5807e+00, -9.6522e-02,  3.8172e-01,  1.1529e+00,  6.3316e-01,
         -2.4575e-01,  1.2459e+00, -2.0945e-01],
        [-1.5610e-01,  1.0070e+00, -1.0796e-01,  4.7683e-02, -1.9582e-01,
         -1.2406e+00,  5.8015e-01, -1.5196e+00, -7.0850e-01, -8.0685e-01,
          4.3382e-01, -5.6211e-01,  1.5318e-01,  4.7480e-01,  4.1096e-01,
         -1.8245e-01,  4.5537e-01, -2.9595e-02],
        [ 5.0115e-01, -2.3974e-01,  4.5401e-01, -9.3391e-01, -7.2633e-01,
          9.7860e-01, -6.4480e-01, -5.8396e-01,  5.4757e-01,  3.8094e-01,
          1.8192e-01,  6.1306e-02,  5.8959e-02,  7.0614e-02, -5.8153e-01,
          1.0038e-01, -5.6998e-01, -5.7158e-01],
        [ 8.7738e-01, -9.7310e-01,  4.7848e-01, -7.9547e-01,  1.4165e-01,
          1.2371e+00,  1.1341e-01, -4.8382e-01,  7.5322e-01, -2.5678e-01,
          1.4927e-01, -5.7822e-02, -8.3114e-02, -5.0321e-02, -2.0613e-01,
          1.0988e-01, -2.2694e-01, -1.6564e-01],
        [ 1.2772e-02,  1.7517e-01, -7.2719e-02,  1.7056e-01, -5.5706e-02,
         -3.7274e-02,  9.0809e-02, -3.3160e-01, -4.4683e-01,  6.0033e-01,
         -5.9691e-01,  9.5471e-02, -5.3474e-01, -2.5060e-01,  8.7102e-01,
          2.2424e-01,  2.1639e-02,  7.1767e-01],
        [-1.2707e+00, -1.2565e+00, -2.7106e-01,  4.4512e-01,  1.8194e+00,
          3.2505e-01, -2.5752e-01,  1.1548e+00, -8.3318e-02,  2.6390e-01,
          2.3081e-01, -3.0368e-03,  6.1766e-02,  1.3861e-01, -5.1215e-01,
          7.0779e-02, -4.8895e-01, -5.1509e-01],
        [-5.4129e-02,  1.1867e-01,  1.0712e-01,  2.9999e-02, -1.8016e-02,
         -4.0203e-01,  9.5664e-02, -2.3587e-01, -4.5773e-01, -2.9868e-01,
         -6.3370e-01, -2.9962e-01,  4.1184e-01,  5.8091e-01,  5.8793e-01,
         -2.1977e-02,  6.7147e-01,  2.4704e-01],
        [-1.3409e+00, -1.1388e-01,  1.5507e+00, -1.5405e+00, -1.1797e+00,
          7.3345e-01, -1.8841e+00, -2.2110e-01, -1.2477e-01,  1.4965e-02,
          2.6649e-01, -1.5197e-01, -4.5654e-02, -1.1737e-01, -4.8622e-01,
          2.3704e-01, -4.8323e-01, -4.9184e-01],
        [-6.2403e-02,  1.0177e-01,  1.8438e-01,  5.3462e-02,  7.2543e-02,
         -7.3584e-01,  2.0965e-01, -7.9046e-01, -7.5038e-01, -8.0786e-01,
         -1.5680e+00, -9.0846e-02,  3.7754e-01,  1.1437e+00,  6.0057e-01,
         -2.3356e-01,  1.2582e+00, -2.1710e-01],
        [-1.2566e-01,  5.7150e-02,  1.9287e-01,  5.8894e-02,  1.1667e-01,
         -7.1804e-01,  1.9857e-01, -7.6975e-01, -7.3629e-01, -6.2626e-01,
         -1.2815e+00, -4.7520e-02,  3.2825e-01,  9.5823e-01,  7.0241e-01,
         -2.3725e-01,  1.2382e+00,  6.3141e-02],
        [-1.1491e+00, -4.4333e-01,  5.9531e-01,  1.0681e+00,  1.3027e-01,
          4.6892e-01, -1.1130e+00,  8.1223e-01, -7.8267e-01,  1.0382e-01,
          3.2074e-01, -1.9275e-01,  2.0406e-02,  2.9948e-02, -4.9247e-01,
          3.3912e-01, -4.3958e-01, -4.9938e-01],
        [-1.4268e-01, -7.4444e-02,  1.7005e-01,  6.9300e-02, -1.0804e-01,
         -3.3997e-01,  4.2023e-02, -2.7581e-01, -1.1465e-01,  7.2631e-01,
         -4.1111e-01,  2.5970e-02, -6.6219e-01, -6.4916e-02,  5.4291e-01,
          3.4975e-01, -2.3491e-01,  3.8701e-01],
        [-1.3026e-01, -1.0619e-02,  1.0709e-01,  4.0181e-02, -6.2392e-02,
         -2.4723e-01,  4.4204e-02, -1.9680e-01, -1.2324e-01, -6.4077e-01,
          4.4044e-01,  2.7439e-01,  1.3505e+00, -5.2251e-01,  1.1340e-01,
         -7.9067e-01,  4.6977e-01, -3.4233e-01],
        [ 5.3439e-02,  2.8467e-01,  2.0781e-02,  2.3054e-01, -1.5848e-01,
         -4.6194e-01, -1.5741e-01, -1.5390e-01, -5.0787e-01, -9.9515e-01,
         -4.2282e-01,  1.0574e+00,  3.6717e-01, -4.2376e-01,  4.2679e-01,
         -1.0297e+00,  9.3915e-01, -6.0932e-02],
        [-3.0292e-02,  1.6252e-01,  1.1316e-01,  8.1403e-03, -7.4508e-03,
         -4.8970e-01,  1.7343e-01, -5.0919e-01, -5.0306e-01, -1.0693e+00,
         -5.5639e-01,  8.3107e-01,  5.1381e-01, -1.9807e-02,  4.7634e-01,
         -9.9586e-01,  9.2366e-01, -2.8590e-02],
        [-3.8294e-01, -7.6041e-01, -2.7232e-02,  4.1489e-01,  1.3736e-01,
          1.0899e+00, -6.9244e-01,  8.8891e-01,  6.7382e-01, -5.9502e-01,
          2.2629e-01, -1.0006e-01, -6.3443e-02,  2.5239e-02, -2.3281e-01,
          2.1285e-02, -3.3404e-01, -2.2583e-01],
        [-1.0409e+00, -4.0572e-01,  8.4295e-01,  2.7132e-01, -4.5029e-01,
          1.9783e-01, -8.3954e-01,  9.6851e-01,  4.5491e-01,  3.7018e-01,
          2.6300e-01,  2.8141e-02,  6.1279e-02,  3.8409e-02, -6.4819e-01,
          9.4915e-02, -6.3628e-01, -6.5916e-01]], requires_grad=True))
('hidden_1.bias', Parameter containing:
tensor([0.1803, 0.5364, 0.1908, 0.5062, 0.1937, 0.1908, 0.1923, 0.1633, 0.2279,
        0.0942, 0.0327, 0.5231, 0.6625, 0.6299, 0.4166, 0.5217, 0.3525, 0.5848,
        0.2556, 0.7075, 0.3010, 0.5667, 0.1010, 0.2367, 0.5159, 0.3317, 0.4695,
        0.6864, 0.6249, 0.4739, 0.3996, 0.5456, 0.4425, 0.4794, 0.2121, 0.6537],
       requires_grad=True))
('output.weight', Parameter containing:
tensor([[-0.0161, -1.3436,  0.6170, -1.5067, -1.0239, -0.9249,  0.3180, -1.3091,
         -0.1017, -0.9124, -1.1198,  0.7870,  0.6741, -1.2902, -1.5493,  1.5374,
          1.0910, -1.3302, -1.6149,  0.6841,  1.5563, -1.2851, -1.0011,  0.7779,
         -1.3139,  0.8737, -1.7472,  0.6815,  0.7086, -1.2102,  0.7583,  1.1931,
          0.4416,  0.5449, -0.5291, -1.3907,  0.8082],
        [ 0.0150,  1.3576, -0.6203,  1.4997,  1.0017,  0.9278, -0.3283,  1.2926,
          0.1216,  0.9176,  1.1172, -0.7788, -0.6759,  1.2993,  1.5462, -1.5427,
         -1.0958,  1.3216,  1.6366, -0.6694, -1.5611,  1.2973,  0.9920, -0.7827,
          1.3404, -0.8749,  1.7423, -0.6695, -0.6998,  1.2064, -0.7617, -1.2003,
         -0.4276, -0.5895,  0.5462,  1.3936, -0.7924],
        [ 0.5323, -0.3844, -1.0155, -0.3589,  0.3389,  0.3348, -1.4833,  0.0543,
         -1.0521,  0.2639,  0.2121, -1.3596, -1.0784, -0.4203, -0.2575, -0.0911,
         -0.5595, -0.2265, -0.0536, -1.2097,  0.1070, -0.3775,  0.3057, -0.2402,
         -0.2896, -0.2875,  0.0726, -1.2598, -1.0443,  0.0544, -0.3625, -0.6029,
         -0.9495, -1.0684,  0.5115, -0.2933,  6.2846],
        [-0.5335,  0.3760,  1.0229,  0.3668, -0.3402, -0.3349,  1.4662, -0.0613,
          1.0629, -0.2489, -0.2247,  1.3688,  1.0778,  0.4217,  0.2567,  0.0909,
          0.5530,  0.2224,  0.0576,  1.2114, -0.1067,  0.3750, -0.3028,  0.2282,
          0.2901,  0.2886, -0.0743,  1.2600,  1.0499, -0.0525,  0.3636,  0.6024,
          0.9486,  1.0781, -0.5119,  0.2975, -6.2719]], requires_grad=True))
('output.bias', Parameter containing:
tensor([ 0.3269, -0.3295, -0.2671,  0.2644], requires_grad=True))
